.Random.seed <-
c(403L, 10L, 776747719L, 2100329390L, -2013514232L, -144856565L, 
-1428682007L, -1189423688L, -229993882L, -1882906879L, -731244141L, 
-1985973694L, -1385990668L, 543682551L, -856296467L, 1352703108L, 
-1552162134L, 496736277L, -608935761L, 2145578678L, -1651893024L, 
529702947L, 1697341249L, -906075600L, -990011314L, -89333575L, 
-1936673589L, 417003898L, -176929668L, 1979592895L, -1778043499L, 
-1428511316L, -468000894L, -2087574179L, 1013775447L, 1880693566L, 
-140909704L, 1520529499L, 1481226169L, 491062792L, 1240954038L, 
1894921201L, -1271521757L, 1980300914L, 2108916932L, 1255297671L, 
-199587235L, 1649216596L, -1878047110L, 830010821L, -902990049L, 
-1125592410L, 1740756016L, 1118226131L, 309011697L, 1659707424L, 
-595487042L, -1689640247L, 747673723L, -3148214L, -1714064724L, 
798639535L, -1744878235L, -427674852L, -1665198222L, 813018093L, 
-58819545L, 699532366L, 383469736L, 1634887339L, -1831873591L, 
-93327400L, -956553594L, -1600577695L, 492065523L, 1736142178L, 
907430868L, 688271063L, -134359859L, 1308095588L, 375396938L, 
1859420085L, -1367334129L, -875618282L, -387929408L, 1306463363L, 
-1079322463L, -184529264L, -23302802L, -1133692135L, -1266794581L, 
1585618330L, 395692380L, -1120034721L, 1547030581L, -650910772L, 
-861903070L, -71427715L, 1755042423L, -1636963426L, 1105730136L, 
2034553787L, 1632187737L, -1868443928L, 1376349974L, 447717521L, 
1690033475L, -84203438L, -1306027292L, 527875367L, -938187395L, 
1505717364L, -1298925990L, -588565851L, -1525999425L, 1344105286L, 
1248532944L, 991226867L, -1688284399L, -992713920L, 1608657694L, 
1338405865L, 137648411L, -1257295062L, -865471412L, 1933736975L, 
-743606459L, -323821316L, 69095250L, 308216013L, 81260679L, 2022519662L, 
-1603402424L, -1478921909L, -1835924311L, 1185551864L, -449290970L, 
-576258495L, 715487187L, 711961986L, -866451020L, 503606583L, 
-542562259L, 480777540L, -468528534L, -1677902635L, -149005713L, 
-247345290L, -833269600L, 455854435L, 398584321L, 130849136L, 
-435910386L, 198450041L, -494890229L, -535618502L, -1790051524L, 
-332926849L, 500765653L, 734182892L, 2099334978L, 71938205L, 
1899325719L, -1087283074L, -1674315720L, -2145382629L, 1767136377L, 
-546880312L, 422274294L, -178326223L, -1912707741L, -1171757262L, 
1538109572L, 334810311L, -829628515L, -491771116L, -127878726L, 
2105626629L, -488618529L, -975431578L, -88905744L, 1698050323L, 
-2057867599L, 1522305376L, 2007457534L, -490702199L, 245355963L, 
-2105249910L, -456862100L, 40314863L, 764239909L, 164425948L, 
-1556261198L, 1302813101L, 1442016615L, 1305713294L, -171048088L, 
-124478613L, 1068107017L, 1164098456L, -943834426L, 2054168609L, 
-2007538509L, 907286050L, 507078676L, 361876631L, -1703205235L, 
-1401485404L, 796375434L, 1444988405L, -1157711793L, -1959301290L, 
1759004160L, 1231099715L, 1578716897L, 1591250000L, 1805456558L, 
-1613311911L, 454250603L, 840672730L, 1073401500L, -1872879457L, 
-1420838155L, -262174836L, -312310174L, -862348739L, 251233463L, 
2019343198L, -930554216L, 661509778L, -1857594784L, -1519732596L, 
134596960L, -1208600350L, 142722216L, -1384837428L, 1262664188L, 
-776150094L, 22166512L, -1284326972L, -1096700584L, -1181898374L, 
-2126964304L, -1836367428L, -578576812L, -101537342L, -222524640L, 
-634577988L, -437878704L, 737035234L, 1645864808L, -1607426228L, 
3464956L, -334872846L, -1087578880L, -2122664844L, -824697336L, 
-842162758L, 733611472L, -1060372500L, 1611668372L, 1143836882L, 
-495317920L, -1281239732L, -229520608L, 1066703490L, -790003224L, 
1551533036L, -966646212L, -158941582L, -1864027280L, 766774564L, 
-768398792L, -1680322150L, -2067814960L, -1746651716L, -1472035180L, 
-1978785150L, 1487005120L, 248926012L, -293817712L, 3458850L, 
-1026836984L, -1805200628L, 657214364L, 415900690L, 577008512L, 
-1397986540L, -1486027480L, -1904267206L, 414733264L, -1796601236L, 
-222442444L, -1491044206L, -2055126688L, 883555660L, -427364896L, 
-2007428190L, 294640552L, -1855812468L, 1529545660L, 1802374258L, 
-59185168L, 1498895428L, -1252128680L, -1735974854L, -333254544L, 
384009788L, -1022327020L, -2126325054L, 223994592L, -1489523588L, 
-174830384L, -1199465566L, 1594240552L, -851064564L, 1382422460L, 
-315672270L, -296017728L, 1879626292L, 1789799112L, 1388186298L, 
446502032L, -1662249236L, 41565780L, 1461216914L, 115943200L, 
500832204L, -871038752L, 1349508802L, 1209398312L, 1393875884L, 
-1743373636L, 1941694962L, 24884784L, -234023004L, -1644080712L, 
-1174879398L, -441461616L, -2039026820L, 519751444L, -465916606L, 
-132362496L, 1606046652L, -1043312816L, -2136086238L, 1748099656L, 
867332108L, -87813028L, 1631400402L, 1403231744L, -1517354668L, 
-684281624L, -660889350L, 1847862992L, 620581164L, -1212260108L, 
1936297362L, -310593184L, -435406836L, 702169824L, -540300702L, 
-1294015832L, -426816948L, 1503031164L, 1261131058L, -1977661840L, 
-244001980L, -117520424L, -2050308230L, -517622224L, -1339480132L, 
2006988372L, -1117401022L, 1566019744L, -995674436L, -1153152560L, 
1916937058L, -1679727896L, -386670388L, -459529732L, -510692878L, 
472107648L, -997237260L, 925955720L, 403996474L, -1304603824L, 
1231318124L, -1676312172L, 1815032914L, 1680335328L, -136528692L, 
52831392L, 1605326210L, 1458325736L, 2117973740L, 610129212L, 
-1785836430L, 265775216L, 219234340L, -1260868552L, -56619238L, 
1052265680L, -606822596L, -2026616940L, -984861822L, 565062080L, 
-812302788L, -1607481968L, -1677746654L, -777575160L, 2044563084L, 
1588100892L, 40870034L, 472201600L, -833034732L, -1519419608L, 
924252730L, -1622622768L, -106747540L, -1981332556L, 1531983890L, 
-1924368928L, -133486644L, 1338147040L, 612169762L, -280698584L, 
-816390644L, -1180702916L, -1939528718L, -566297872L, 1829015108L, 
-1626733992L, -1293390022L, 924378608L, 1359877820L, -341477100L, 
-1070677310L, 998741088L, 2021745532L, -743442480L, 909631778L, 
-71132504L, 1478204300L, 569981116L, 690245426L, -1995994560L, 
170220724L, 1506443848L, -526195270L, 1399611920L, -1753632020L, 
1267949908L, 1067245842L, -1152070240L, -1438186804L, -191703799L, 
-1627467205L, 935053196L, 349996570L, 1551457935L, 1004648921L, 
1013550702L, 1683754492L, 1980659565L, 1404133655L, 753831136L, 
-1424416066L, 1937436811L, -1429565683L, 1828175674L, -1812637832L, 
1182289185L, -1168273965L, 1398426868L, -115333758L, -1246330857L, 
108398305L, 78422054L, 718017828L, 577748437L, -1121820289L, 
967598104L, -1069588682L, 980961731L, 467044357L, 238365602L, 
2011920272L, -101674183L, -1374378005L, 1414072540L, -1631201014L, 
-281769985L, -361805239L, -2070212642L, -1700167796L, 328912733L, 
-57919641L, -1646736240L, -1565531474L, 1854070619L, -308383939L, 
1017515434L, -14040504L, 1799864945L, 1965691875L, -1654120732L, 
-795105774L, -1230736921L, -638775887L, 2083249142L, 276796948L, 
-1405953755L, 1764737583L, 553056232L, -1941724986L, 1338144115L, 
1685888469L, 1006010802L, -1567744128L, 1356620649L, -1270667301L, 
-1287680212L, -247217862L, 1750360047L, 1707010681L, 886553870L, 
528798940L, -193336499L, -368532809L, -1326649280L, -1727246050L, 
72326123L, -901388435L, -599929382L, -1976426600L, 850734593L, 
631414707L, 707563220L, -788031518L, 104020599L, 1289847745L, 
906584390L, 1815793796L, 428267061L, -173335009L, -126695048L, 
498288726L, -930003741L, 401027749L, 554889026L, 639577392L, 
-1807725223L, 57253579L, -274565316L, -1743937686L, -29577825L, 
150881321L, -290416962L, -47310932L, -1075397379L, 423536711L, 
995743536L, -503050162L, 1987394683L, -1201623075L, 2093743626L, 
695337768L, 327822737L, -1947741309L, -985458556L, -274155854L, 
1289210375L, 2047826513L, -1458474538L, -474243916L, -1781929787L, 
1575746063L, 1033654920L, -404109402L, 1927049043L, 834449589L, 
-556962286L, -725267488L, -1081819575L, -569828229L, 1823874380L, 
1155541210L, 1604655311L, -1248025447L, 1280592046L, 726021564L, 
-233337299L, -1792226857L, 37806112L, -1876998786L, 773618507L, 
